"x1" "x2" "x3" "y"
1.32542337756604 -2.53345977840945 "A" 17.4827117809645
2.25463915849105 2.06228189030662 "B" 9.99484439649385
1.56589396996424 -2.95911789312959 "B" 21.0856728212298
2.31674739718437 -0.892894774675369 "A" 13.880582157825
-0.261114239227027 1.11636619269848 "B" 8.79557358439249
-2.00176928937435 -1.47548103611916 "A" 3.9062366672703
-1.04942767973989 -1.95522410050035 "A" 8.91905412127051
0.0553460139781237 1.2426789868623 "B" 6.80551588884035
1.36623152252287 2.99740144517273 "A" 9.23700250308239
2.93842162750661 2.69805584801361 "A" 12.5826702563852
-2.79278738982975 -0.388315899297595 "B" 2.95657164885385
-2.08575905906036 2.34964070795104 "B" 1.68862860492197
1.4141097147949 0.523451398126781 "B" 8.2819152124509
-2.99318048078567 -0.936979384627193 "A" 4.06970984870133
-0.652779988478869 1.85725366696715 "B" 2.30597635031647
-0.225032075308263 0.250147702172399 "B" 7.87765454435703
-0.671136110555381 -2.90508800558746 "A" 10.6221333688147
-0.585089149419218 1.42604249110445 "A" 2.68506381515641
-1.92621849104762 -0.554465975146741 "B" 4.4181257780957
2.70995252206922 1.54542875709012 "A" 11.2174583665201
-0.277631560340524 -2.86301022302359 "B" 14.2466913662943
-1.03948554815724 -2.07166254054755 "B" 8.96002643916976
2.79249194031581 -2.34926326526329 "B" 29.2644092868853
1.2448912630789 -1.31625395966694 "A" 13.9558561798904
0.867255819495767 1.80784997949377 "A" 10.0618711478993
-0.661029090173542 2.11402582749724 "B" 4.60943928670076
1.19126183632761 -0.111252409871668 "A" 10.7193647282803
0.264347186777741 1.62231857702136 "A" 4.76799802970779
-1.64119692798704 0.940573694184422 "A" 2.37745006999569
-0.0926534696482122 0.104115975089371 "B" 3.22016570536518
1.75804301910102 1.67156626470387 "B" 9.70307371092637
-2.96407422283664 1.1556512969546 "A" 1.95221411026314
-1.87372532486916 1.84234083630145 "B" 0.99437692452983
1.09100173925981 -1.71444755746052 "A" 10.7589864962979
-0.779375258367509 -2.37110744370148 "A" 11.14526579904
-0.830246579367667 -1.68837184505537 "B" 3.58686653736257
2.21276939101517 -0.376152052078396 "A" 15.6002986038573
2.42492799460888 -2.73727743001655 "B" 21.9410267279318
0.704547393601388 -1.1747120465152 "B" 12.6805056359212
-2.19581019273028 1.36033157631755 "A" 3.357942209257
1.69315968314186 0.961226051207632 "B" 7.43491183374416
-0.424807080533355 -1.58737602923065 "B" 6.73375348603681
2.56364384992048 1.28226076578721 "B" 8.69138301340417
1.63945934828371 2.0620905328542 "A" 7.62634271795829
-1.44191251974553 1.59660497680306 "A" 2.44074152890849
-1.07265195949003 1.76106479438022 "B" 3.29546486962459
-2.63882905617356 -0.965798770543188 "B" 2.33935655740441
-2.73926127701998 -1.11435291543603 "A" 3.16442955342262
-2.66967709036544 0.0995838521048427 "A" 2.97211693324028
0.753256781492382 0.0291959024034441 "B" 5.96012379261946
2.78682173229754 0.532409811392426 "B" 13.71071986712
1.96381721366197 2.83339162403718 "B" 8.72590230240102
-1.10983058111742 1.70511651132256 "A" 5.30426000514541
-1.72184729436412 0.84429411124438 "A" 4.41620777753805
1.39497671322897 -0.983908340334892 "A" 13.9097845861512
-0.00455387681722641 -2.46836941782385 "B" 7.91086342251133
1.37863183021545 -0.860337709542364 "A" 12.5016591270776
-2.51798373414204 0.0290628536604345 "A" 2.28882166884594
-0.38681709067896 -2.76832550531253 "A" 9.66200242314391
-1.58051727991551 -0.252148678991944 "A" 2.56656015051539
1.74940679082647 -0.436872008722275 "A" 15.0072566671569
-1.44789409870282 2.87596922647208 "B" 1.91179899449362
2.91590299084783 1.78863067226484 "A" 11.5842681245139
1.54124246165156 -0.767648189328611 "A" 16.8185270003654
2.87866948312148 -1.32879285514355 "A" 28.0276692039774
-1.68631296465173 -2.66288236621767 "A" 8.494238597963
2.69224309874699 -0.841063025873154 "A" 12.7083809394725
-2.10325232287869 0.885194451548159 "B" 2.92998883310432
0.602141824085265 2.89648719783872 "B" 3.923312560975
2.67858451092616 2.87719992036 "A" 8.22185538466156
1.13012014143169 1.44401751318946 "B" 7.75128521842432
0.033202338963747 -2.81136280484498 "A" 13.0634019502943
-0.762382531072944 -0.73560785735026 "A" 7.06627635548163
-0.985169769264758 -0.423435083124787 "B" 4.24028026873211
-2.71049188496545 2.2924792226404 "A" 1.12266302397455
0.713685234077275 0.947465260047466 "A" 8.20855140894791
2.76868375064805 1.26085070567206 "B" 10.6111248615087
0.929763057734817 -0.350064103491604 "A" 11.9856476249003
0.0617519491352141 -0.128606338519603 "B" 9.35121804169965
-2.09941073600203 -2.59174265898764 "A" 5.35458881340677
2.22268728213385 2.89985508145764 "B" 5.98570998865127
0.0866500670090318 1.58401792449877 "B" 6.56453682600721
-2.94811251852661 -0.446679718326777 "B" 3.33648661012868
-2.88483140710741 -1.90787838539109 "B" 3.21960241715118
-2.13292859075591 0.236008399631828 "A" 3.44597629208998
-1.16980947135016 -2.31617664266378 "B" 7.47525204621172
1.9539411761798 2.83174638357013 "B" 8.76475278781726
0.0140678538009524 -2.47158978972584 "A" 15.0967764269392
1.82143575511873 2.68524019606411 "B" 8.49107639053338
-2.63616010732949 -2.92603497812524 "B" 5.3032044519514
2.56773081840947 2.89097072929144 "A" 6.74863341565216
1.84907130617648 2.00784998713061 "B" 6.58785448409199
-2.52711996110156 -1.53363246610388 "B" 5.10442739483221
0.605569690000266 0.456311943009496 "A" 6.66522366420024
1.28867928357795 -2.93344721384346 "B" 15.1676199098002
0.0830739196389914 0.827323203440756 "B" 4.1560632939055
1.32069902960211 -2.70659246435389 "B" 18.0683479215311
1.49967761943117 -0.627831841818988 "A" 12.2977624928282
-2.42615685705096 1.29296855768189 "B" 1.62164363181742
-0.613044809550047 -2.99690543208271 "A" 10.2633361125975
-1.23320758156478 -1.087554639671 "B" 6.64768750076798
0.703521993476897 1.83573782164603 "A" 5.75679743883367
2.84564476367086 -0.079477840103209 "B" 15.8784852246343
0.709272227715701 -0.412293491419405 "B" 4.80767018883954
0.128215160686523 0.882297495380044 "A" 5.58211267906103
2.41502277553082 1.404518018011 "A" 10.5943908234474
0.824726596008986 2.25906256679446 "A" 5.94638008391518
2.18580679781735 1.66160197835416 "A" 10.4297987036931
-1.49329355405644 2.51424609543756 "B" 2.5774705223957
-1.70958551578224 -1.10744001483545 "A" 3.7293072327206
0.656856268644333 2.89760275930166 "B" 4.38289335618147
-0.699332187417895 0.477290431503206 "B" 6.40698325498565
1.53162626735866 -2.16949911229312 "B" 12.2754791332505
-0.721582543104887 -2.58358815964311 "A" 9.34819042173105
1.76983238104731 2.32808335544541 "A" 7.86807361846169
2.43414681544527 1.91581106744707 "B" 7.13522692459107
2.90415704017505 1.50521095376462 "B" 11.553377792014
0.52768784109503 -2.41608262667432 "B" 11.3523005696565
-2.94321569055319 -1.59717676928267 "B" 3.34752063580632
-1.07524758484215 -0.140772503335029 "A" 5.82608099978118
0.35674039972946 0.269537184387445 "A" 7.79513789126429
0.0895053609274328 -1.93215501168743 "B" 9.92868197066093
-2.46172882709652 0.155988149810582 "B" 1.66664568155772
1.09950344217941 0.870305432472378 "B" 3.74603753963595
1.25983229745179 -1.41514709545299 "A" 15.6912677429536
1.80138932447881 -0.555599866434932 "A" 14.9539143293774
2.66447048960254 1.18841540347785 "A" 12.0370987806652
-1.88012317428365 -1.83666895749047 "B" 7.73997611241639
-1.32814630586654 -1.73397957812995 "A" 6.1581073286914
1.6455797329545 2.28607726329938 "A" 7.51079549133814
-2.79931431217119 -1.51356827560812 "A" 4.44891083799015
1.03150884434581 1.41831303527579 "B" 6.5116566053146
1.87660273164511 -0.0889342138543725 "B" 12.4820370161841
0.978967433329672 -1.25779104139656 "B" 10.3024559168252
2.66684803599492 -0.678293115925044 "A" 19.1463285705144
2.24906440638006 -0.772538281045854 "A" 16.4463259718928
1.1842271857895 -2.08536367630586 "B" 19.0405627372381
-1.88975465158001 -0.064588122535497 "A" 5.33450070987169
-2.41473413771018 2.51398428669199 "B" 1.473275509345
1.84655994549394 1.9900219598785 "A" 8.70372831338212
0.130665812641382 1.79169991984963 "B" 5.6313087589907
1.16124406037852 -2.52538948087022 "A" 24.9040511355804
-1.70202246448025 -0.775564977899194 "B" 5.70793670763081
0.779657229781151 0.149656951893121 "B" 6.62414419559451
-2.11795273516327 1.22164020873606 "B" 3.70046804595067
2.75442275544629 -0.0496609644033015 "B" 16.3969565982221
2.94066268019378 -2.31799602275714 "B" 28.7844359135746
-0.021364152431488 -1.48784663295373 "A" 9.27030456884303
2.51788586145267 1.41149578755721 "B" 15.9982235018177
-0.767219154629856 -0.0716807493008673 "A" 3.48088473092526
1.96234467532486 1.30648847669363 "B" 10.1646676278788
0.35425768699497 0.224160840734839 "A" 5.96175281486299
1.77402722742409 2.35087392758578 "A" 7.42343971894498
-0.887869528960437 0.59642777312547 "B" 4.25337615143443
-1.74883396318182 1.09679286042228 "A" 4.54677312782739
1.70868374593556 -0.329457480926067 "B" 13.3276803884097
1.09830750385299 -2.63451696652919 "B" 11.1992173059143
-0.407933915499598 0.266099281143397 "A" 7.80503185671502
2.07860392145813 0.132705033291131 "A" 11.9595920102134
0.611663034651428 -0.309166520833969 "A" 8.95436833488649
1.44396309228614 1.5106045184657 "B" 7.242736943435
0.569412006530911 2.96170614659786 "B" 4.196480255337
2.10935453837737 -2.46914598159492 "B" 17.3281353257976
1.88340605283156 -2.62835904769599 "A" 18.6222080973352
-0.717459891457111 0.580868671182543 "B" 3.77912337586055
-0.0461507854051888 -1.93483679043129 "A" 8.34942216511431
2.96026478754357 -0.724265695083886 "B" 15.7342218456524
-1.9554632990621 -1.3745641973801 "A" 4.3091541088733
2.00568479765207 1.60633046133444 "A" 9.66490899587961
-0.625107758212835 2.20676523679867 "B" 3.3205713988859
2.81433680467308 0.478799862787127 "A" 16.7539404645523
-1.87076119892299 2.87658244930208 "A" 2.74612974748759
1.49533001845703 -2.6545510198921 "A" 19.2133808931581
-1.14918233966455 -1.39328837161884 "B" 4.79471754519294
-0.725646591279656 0.0563385025598109 "A" 3.17691163925406
1.50459505850449 -0.398757050279528 "B" 9.49896092658678
1.22521005291492 1.73171823984012 "B" 5.38409836511977
2.52355820126832 -2.42535348515958 "B" 17.7481846631874
1.77166387578472 -2.96820103609934 "B" 23.0560376904166
1.97446177946404 2.19773314520717 "B" 8.73582130798953
-1.99471402494237 -1.2052331501618 "A" 4.28021544364103
-0.540241323877126 1.73461375990883 "B" 3.29087158852737
-1.82248355587944 -2.43230850063264 "B" 8.47699711160784
-1.44359625410289 2.94392295135185 "B" 1.22540815208732
2.82249760162085 1.73036422999576 "B" 9.58945790620793
1.86985921254382 2.0582501264289 "B" 8.43848036287123
-0.914424962829798 1.57264978531748 "B" 3.50078327885673
2.63007316645235 -1.00893060397357 "B" 19.3315206551804
-2.01967863645405 2.09366397466511 "B" 2.62089698297392
-2.0591450384818 1.1576791391708 "A" 3.05427398717843
1.52437954349443 2.72218206245452 "A" 9.26737393428909
2.31630241731182 2.15587643533945 "A" 12.4205649657046
-1.15941518219188 -0.537119977176189 "A" 5.15775364741553
-1.13350950926542 2.32217708369717 "B" 1.28019480000582
2.907151135616 -0.470698247663677 "A" 19.5089288126704
-2.95842461893335 1.73117852630094 "B" 1.39386033320748
-1.35407653357834 2.11013050144538 "A" 2.1955763808333
1.78826528834179 -1.82741783279926 "A" 18.5881663670832
-1.53798169316724 -1.02396213216707 "B" 4.44042400052707
-0.250359227880836 -1.49462121119723 "B" 8.67870955740247
0.5315539422445 -2.69487603195012 "B" 15.0886062961289
2.35555067192763 1.81940040551126 "B" 8.79182457521081
-2.25723055656999 0.502655097283423 "A" 2.87798107060136
0.0798540967516601 0.512899337802082 "A" 8.80757021233897
0.981841323897243 -1.0738441455178 "B" 14.4852728234409
1.59325200039893 2.75063701579347 "A" 6.99828764797053
-2.44424295471981 -1.47677301149815 "A" 2.54718438788529
-2.59413280058652 -1.67056355439126 "B" 1.81776288068576
0.336589994374663 -0.317309768870473 "B" 6.97516534995625
0.907910442911088 1.42445181263611 "A" 10.1071277583187
-1.2242238689214 -2.44119749497622 "B" 5.54625905914912
1.17302929842845 -1.37437763437629 "A" 15.7552654329203
-0.733980260789394 0.18339614616707 "B" 5.05604558555516
-1.43422835273668 0.671371313743293 "A" 4.16303436481987
2.6409539245069 -0.899267485365272 "B" 15.2146998544974
-0.414660313166678 2.80051332525909 "A" 3.50033397737798
-1.03761249314994 1.96955204196274 "B" 1.42761356443001
0.209448829293251 1.17963188979775 "B" 5.80750686256045
0.75564970029518 0.0519053642638028 "B" 7.6936276339887
-1.97746807895601 -2.01978424843401 "A" 6.04077666433759
-2.34410217404366 -1.05977629451081 "A" 4.56121691051618
-2.35632730415091 -2.07822108641267 "B" 5.15175039975219
-2.44354936201125 0.543071786407381 "A" 2.38321500958988
0.207453177776188 1.26884348876774 "A" 6.56794487896575
2.37833528732881 -2.51222466817126 "B" 19.515239423773
1.26015611412004 0.58825568575412 "A" 10.8859707646053
2.43872503191233 1.93400051817298 "A" 8.53035646580242
-0.3798683504574 -1.49713997310027 "B" 4.98019070866149
-0.193086643237621 0.158382520079613 "A" 4.61048971357792
0.588717073202133 -2.69733043340966 "A" 10.8913138312849
-1.15951270982623 1.73388652224094 "B" 4.73937255280904
0.432005094364285 1.13695426890627 "A" 5.825965211201
-0.124781075399369 -0.144788144621998 "A" 6.67755961344606
1.1797018814832 2.03042040998116 "A" 9.48701087053104
1.41167909977958 0.21353776473552 "A" 12.7476104673585
0.0993818482384086 0.568738776259124 "A" 4.95177395670324
2.91222813958302 0.935427341144532 "A" 15.1277648949935
2.50787554867566 -1.55127391219139 "B" 22.3399857086722
-0.16507244668901 -1.87728215893731 "B" 10.6688889665127
-0.716240082867444 -0.682858415879309 "B" 7.33699667841393
2.63286220422015 2.5581292072311 "B" 6.67333616965225
2.6668622600846 -2.67106226552278 "B" 27.5431600128329
2.44094793079421 0.48848004732281 "B" 9.54398617272216
1.70626619132236 1.21081390092149 "A" 9.5980076735576
0.757986398879439 -0.134261306840926 "B" 12.1111023318804
1.053862280678 1.87585051590577 "B" 4.4758306152249
2.6226585265249 -1.43320807395503 "A" 26.5887032923679
0.207162905484438 -2.56823316961527 "A" 10.6058015282173
-0.979259844403714 1.58132300432771 "B" 2.38729192558253
1.74402463808656 2.19827317167073 "A" 3.20124090604378
-2.2604125700891 -0.154284379910678 "A" 2.80950197354989
2.75476993247867 2.8533981917426 "B" 10.8951646923079
-2.80504804803059 0.316066476982087 "A" 1.874201518995
-1.44186489656568 -0.161159915383905 "B" 3.77573058213109
2.25858150841668 0.0830792100168765 "B" 14.6933494136196
2.07374681532383 -1.17338538402691 "A" 18.8585057771964
-2.89887658087537 0.665370376780629 "A" 1.49357053982004
-1.89815477700904 -1.61150670843199 "B" 4.99622226839363
-2.30494721559808 1.92614982649684 "B" 1.28294721944708
-0.129512276966125 2.17946810927242 "A" 4.90885652769641
2.69834929984063 -2.10877041192725 "B" 32.0378740815208
1.95442614331841 0.305498322006315 "B" 10.1586721861705
1.86935225967318 -0.507476060651243 "B" 11.9300688415245
2.49442158127204 0.433860367164016 "A" 20.0665079571064
1.20099161937833 2.7737623709254 "B" 3.32678868764308
-2.50176857365295 0.70310773467645 "A" 2.81908175480346
-2.29154318897054 2.56790499016643 "B" 1.48386978329574
1.76189793180674 -2.14088635286316 "A" 19.6751398818122
2.97626301180571 -0.853659820742905 "A" 17.6770742027853
1.14621391100809 -1.24335682019591 "A" 9.75319826127715
-2.1159649095498 -1.38068917533383 "A" 4.58907803602784
-1.09291309257969 1.60057350061834 "B" 2.70305770211539
-2.06412665080279 1.1401194697246 "A" 2.28774438444075
2.97152128675953 -0.274876039009541 "A" 16.8175342563476
1.48936363728717 0.582113960757852 "A" 11.4030573024721
-0.641763959079981 0.82529827253893 "A" 7.65073678592082
0.308347938582301 -0.305327095091343 "A" 6.03104672944493
-2.82353969011456 1.20074658282101 "A" 0.983388281880768
-0.982187985442579 -2.36658278899267 "B" 4.72084230135849
2.15027505811304 -1.07762924395502 "A" 18.1435207072126
-2.23747118376195 2.69344446156174 "A" 2.79441205562185
1.74896687502041 1.3855061000213 "B" 10.4326500068153
-2.41270864522085 2.01196755236015 "A" 1.58330839755602
-2.88507920969278 -1.80499670282006 "B" 6.73331202765683
-1.34386548120528 2.16500926902518 "A" 2.03666777906628
-0.533088563941419 0.043094992171973 "A" 4.58131601035923
-2.59978903457522 -0.842083824332803 "B" 3.17227297653443
1.77918938593939 2.7562668104656 "B" 9.30001029539774
0.0379514582455158 -2.07042543869466 "B" 10.3083835021253
0.111742913257331 -2.81574180861935 "A" 12.8179424891528
1.23275970853865 2.4548828098923 "A" 6.01571699554027
1.98971449770033 1.43153466330841 "A" 10.5514256017876
-2.63462141901255 -0.370865798089653 "A" 5.12468749903625
-0.978985345456749 -1.8656959910877 "A" 10.1540646131152
1.81344577576965 1.93761047255248 "B" 5.55750557995786
-1.29898478602991 0.972207744140178 "B" 4.52809467591476
1.88926286436617 1.8783868686296 "A" 8.75196353522051
-1.7095013181679 -1.0288294502534 "B" 3.95399617781844
0.330917035695165 0.346144488081336 "B" 8.4730176117309
-2.90683379117399 -1.84327813563868 "B" 2.68529816133232
-2.68387010274455 -1.76103582233191 "A" 2.43363090928748
0.591943691018969 -1.00390377547592 "A" 9.61348021517954
1.24974387930706 -2.35154143162072 "B" 15.5184372368997
0.920643959194422 -0.56670399941504 "A" 11.2934537336203
0.464483811054379 2.93852566787973 "A" 6.53170077459266
1.06971319857985 0.150114316027611 "A" 7.6581033878403
-1.7401326787658 0.121364386752248 "A" 3.62496141996006
-1.57811937108636 -1.55284539330751 "A" 7.01525000232491
-0.259498394094408 0.686468645464629 "B" 5.95962944112568
-0.959092038217932 -2.13425200385973 "A" 8.35373034543596
-0.594433883205056 -2.78971196478233 "B" 11.7321171935386
-0.409846679773182 1.85027820663527 "B" 4.08059849475674
2.73223836394027 -2.24355604173616 "A" 30.49132741806
-1.66632556915283 1.86373986164108 "B" 4.22000124251436
-0.808135241735727 2.39928497979417 "B" 3.45754426816224
2.29485218273476 -0.277825904544443 "B" 11.7616937783714
0.162098759785295 -2.47800693148747 "A" 10.8953169647015
0.514276321046054 1.28970746649429 "B" 7.40007607567108
-1.45402717776597 2.82169862184674 "A" 5.33594368186874
2.21321396715939 2.72781913122162 "B" 6.27755598733147
-1.12258226098493 -2.48662844253704 "B" 7.12966255826127
1.03716094885021 0.479498215019703 "B" 7.8274262557791
0.714676195755601 1.24055256927386 "B" 7.71881123450797
-0.578855124302208 -2.46856630733237 "A" 14.7547537643273
-0.573599145747721 -2.35288537899032 "A" 11.1587274792899
2.77401589974761 -2.34633274236694 "A" 27.0194922293886
-1.11001428449526 2.81850013369694 "A" 2.33885221931523
-2.90477521251887 0.442840612493455 "B" 3.50740421247159
-2.03611889854074 -2.55530856130645 "A" 4.98674227676939
-1.62446218868718 -2.12380387913436 "B" 9.55148514029478
-0.663061432074755 -0.365674326661974 "B" 7.61298556446162
2.09455898730084 0.00730739906430244 "B" 9.24949343945473
1.41983303055167 -1.96707771532238 "A" 14.5724990177833
1.04908357607201 -0.679899697657675 "A" 11.8509228419821
-2.35487222112715 0.735801730770618 "B" 3.70114434388234
-2.64354741107672 -2.03144518425688 "B" 4.36353848254147
2.7669626371935 0.649415966123343 "A" 18.8778691846377
1.37819398473948 1.88202222855762 "B" 9.21888802190852
-0.0566761787049472 -0.74272246286273 "B" 5.28171206926417
2.28575239470229 -0.109800975769758 "A" 16.6253104375055
0.475371689535677 -0.897881952580065 "A" 10.8448854567857
1.16602033143863 -0.00961406249552965 "A" 13.4337741412549
2.46624551620334 -2.54093192238361 "A" 22.3574173219376
2.02713720034808 2.84886248828843 "A" 8.7297381453844
0.0863287230022252 1.99398611532524 "B" 2.80659291318144
0.759493674617261 2.64496785309166 "B" 3.36168428202473
1.77117166807875 1.38192109717056 "B" 8.68501723396816
2.66288151685148 -2.82337343785912 "B" 26.950613107441
-2.73411150556058 -0.862620369996876 "B" 3.08790230555233
1.52089803759009 -1.85681272856891 "A" 19.5987129531601
1.10834422102198 -2.78773406893015 "A" 15.6779303800546
0.734263511840254 2.3480038815178 "A" 3.47687983142476
2.96097600040957 2.47416624706239 "B" 16.1076643893071
0.813916412182152 1.10613351361826 "B" 12.2273023701761
0.935545738320798 1.03251514350995 "B" 9.79505501222144
1.36468346882612 -1.54157966421917 "B" 11.5838029614458
0.51111241383478 0.392683451995254 "A" 10.3346150302357
0.451635778415948 2.66433155257255 "A" 5.40735080878718
-2.79175647022203 0.0717456475831568 "A" 2.8622891407338
1.7221353314817 2.28097891062498 "A" 10.5198491615605
-1.91428226837888 -1.50309313740581 "B" 3.06958956354879
-1.99003737978637 2.76886242069304 "A" 2.73290006224557
-0.117348966188729 2.23219266626984 "A" 3.84356053182618
-1.54473365563899 -1.70132702914998 "A" 6.71542784217892
-0.944421848282218 2.90982756530866 "A" 1.70370620808035
1.30388932814822 1.86601218162104 "A" 8.49090640725257
2.22505384683609 -2.17156386841089 "A" 28.5770391739092
-1.47595752077177 1.24419433297589 "A" 6.51928477049812
1.75558096775785 -2.18956163758412 "A" 19.2378628073247
0.428903855849057 2.36360661685467 "B" 3.00055583544004
0.182739179581404 2.42190299229696 "B" 3.36799522216682
1.70727683929726 2.32619353104383 "A" 6.34088103340939
2.56195089127868 -2.98360805958509 "A" 28.4853793942144
0.730112104676664 1.99409774132073 "B" 6.53338446390601
0.87505731638521 0.801392850000411 "A" 6.27504829148435
-0.393636227119714 2.26542015513405 "A" 3.80473425470942
-0.407102408353239 -0.530677076429129 "A" 10.1620105123118
2.85067071765661 0.879109789151698 "B" 14.0677310614473
-1.15344650857151 -0.472675738390535 "B" 3.72154720313208
-0.256992301438004 -0.368954534176737 "B" 4.79477089600884
1.23968885606155 2.69278393825516 "A" 5.47277562986951
1.86618509469554 -2.63615806913003 "B" 19.0452335388936
-1.15971541078761 -2.81539083179086 "A" 10.0534409136531
1.06833329005167 0.6423548636958 "B" 6.52967978315872
1.70579572068527 -0.592444086447358 "B" 10.1936476148893
2.16096886899322 -1.01318193878978 "A" 15.1570257352207
0.709640764631331 -2.48865001928061 "B" 11.5334470953129
-1.8688312349841 -1.11655968334526 "A" 5.56000790743121
2.42963971663266 2.55987913208082 "B" 7.40186909577628
-2.80741932755336 -0.319907208904624 "B" 4.27571418019387
1.72614355897531 -2.90242779487744 "B" 24.4778911293953
2.12639998225495 -1.96539052063599 "A" 20.5853337762969
1.81545938411728 -1.30871066311374 "A" 22.2550061665518
-1.99202430294827 1.51923007378355 "A" 1.4750999484669
-1.02793507603928 0.560748212970793 "A" 4.02900776765262
-1.80381109798327 -1.08109382120892 "A" 6.28992608149512
-1.03488697204739 2.18581612966955 "B" 2.29060319693093
-0.716343862004578 -1.98611941421404 "B" 8.20443037549797
0.0318467239849269 1.27618554979563 "A" 5.28014746685977
-2.24396861856803 -2.89496920444071 "B" 8.22035833104266
-2.5471173254773 2.93626922601834 "B" 1.40634637504924
-0.153694552369416 1.6206203950569 "A" 6.84365843356786
-1.41246272670105 2.8701283740811 "A" 1.30752028071228
-1.61552356090397 2.12456025928259 "A" 3.04946820808943
0.577196319121867 -0.138463850598782 "B" 10.4005460675379
-2.0464465264231 1.93582441471517 "A" 2.72746469728727
2.13032902730629 1.02473507914692 "B" 15.6835152608973
-1.57527722558007 2.10682401945814 "B" 1.61283849894393
1.78267019195482 -2.42261481005698 "B" 19.3986687504943
-2.52908644918352 -0.928104981780052 "A" 3.70518149480339
0.251376795116812 -0.0842881039716303 "A" 8.34494038556686
1.30166771728545 0.248412702698261 "A" 7.68649534148173
-2.75532398326322 1.93393821408972 "B" 3.13415917992359
-2.84639731328934 2.88311521522701 "B" 2.65815455699243
1.44369858736172 -0.845316637773067 "B" 12.3787186800731
1.6208943980746 -0.157544431742281 "B" 10.5289497328895
0.23206913843751 1.07887097541243 "B" 3.76603264820034
-0.671181351877749 -0.297248824965209 "A" 6.30731036403228
-0.183493781369179 -0.478459888603538 "A" 5.57383918882978
-2.26508109178394 -0.209875700064003 "B" 4.56180756060598
2.03633523546159 -0.0127996187657118 "B" 12.9633321026165
-1.39577679382637 -1.81482676835731 "A" 4.05396454752987
-1.82939343340695 -1.21790606528521 "A" 4.06331142124443
-1.49219905491918 -2.67463122261688 "A" 9.71700245924221
-0.665202554315329 -1.18121112696826 "A" 5.63291292439586
2.06159763224423 -2.17081816960126 "A" 25.2048107888308
2.88358458783478 -0.20300332037732 "B" 15.8845008303079
-1.16208183439448 -2.56734266784042 "B" 6.41886718432528
-1.37749933172017 1.01134474296123 "B" 3.72010543875792
0.737625582609326 -1.01776843657717 "A" 13.1656941283581
0.743110807612538 2.04509535524994 "A" 6.41060013522005
-2.66525868745521 1.76043270947412 "A" 6.55259364428139
1.47280326113105 -2.26574183441699 "A" 19.7852474988513
-1.13496982958168 -1.87343026930466 "B" 6.15145403930891
-2.7449014079757 2.72164940228686 "B" 1.94642969163002
0.40381526062265 -1.64969394681975 "A" 12.384943268154
-2.90162530308589 2.32932488713413 "B" 1.14252190708413
2.25519176619127 2.68964233389124 "A" 10.4544705996782
0.164901263080537 -0.0656708143651485 "B" 3.64389693708322
-2.343261863105 2.30676519172266 "A" 2.80368747998813
1.84352419478819 -0.688097780104727 "A" 12.8579149632059
1.85446346271783 -2.73259428748861 "B" 16.7729015929432
-2.93394374242052 2.00778505811468 "A" 2.78030135169755
1.10044380370528 1.34459054656327 "A" 3.7665598244095
-0.358156534843147 -0.568327188491821 "A" 9.04204011688155
2.41851062094793 2.61879219627008 "A" 7.81771567732188
-0.635707172099501 -1.89837938826531 "B" 9.48969292392393
-2.97447428014129 -1.2287539858371 "A" 3.01142431258316
2.78027987480164 -1.41622036043555 "A" 27.2354392943754
2.8016114551574 2.31028696149588 "A" 11.8343337614316
1.49576077004895 -2.68813517689705 "A" 23.9465615575774
-0.599751662928611 2.86393770435825 "B" 1.9121637620837
-0.497360521461815 -2.90521470503882 "A" 12.7512690166904
1.93569912062958 1.5092610293068 "B" 8.76069387467844
0.0291599496267736 2.89610209967941 "B" 2.41613842195551
1.17754174768925 1.55696295993403 "B" 7.35419126918994
2.6249972814694 0.636396622750908 "A" 12.3903594294757
-1.46417128387839 1.86505807517096 "A" 4.14574209332474
0.18482582224533 -1.18970539234579 "B" 12.0046889496679
-2.4485865784809 -2.04908040817827 "B" 6.31822751503822
0.187559908255935 -0.0376612823456526 "A" 7.77142661117125
2.54648872325197 2.77365667652339 "A" 8.12393698181077
-1.6925222016871 -0.360671414528042 "B" 3.19779623120467
2.16651679482311 1.95941933104768 "A" 9.11782803950741
0.396850408986211 0.210921593941748 "A" 10.563929312414
-0.615113654639572 -0.154144504107535 "A" 5.8406557838442
0.627721706405282 1.69188856054097 "A" 4.01055955372819
-0.741732379887253 0.568600122816861 "A" 7.91291888672307
1.88085951190442 0.903109753970057 "A" 12.3199749504158
-1.24626611173153 1.96569696022198 "A" 4.63940687191379
-1.08040671469644 0.816374602261931 "B" 4.78371137252543
-0.498029483947903 2.24433557409793 "A" 3.19997649168493
1.65531964972615 -2.82753182016313 "B" 15.7243929983061
0.84307253966108 1.37847297778353 "A" 8.10666746550666
-1.43686684174463 -0.137995210010558 "B" 4.45125589959925
-1.12390263564885 0.934554976411164 "A" 3.39140511990327
1.40934314439073 -1.08773114159703 "B" 12.0072260654641
1.65396244358271 -0.505775144789368 "A" 10.4842505023624
0.588363059330732 1.42318899650127 "B" 7.09637588979997
-2.30035824794322 -1.19213174376637 "A" 5.16121213678114
-1.54836013074964 -1.9899568115361 "A" 11.4448258439918
-1.4139180611819 -1.63441201066598 "B" 7.71609350805081
-1.28867587912828 -1.73723729141057 "A" 10.2354602828657
0.20293233403936 -1.35043341899291 "B" 11.2397136055122
-0.618633792735636 -1.1402040598914 "A" 9.39387228715784
0.864845051430166 -0.377624847460538 "A" 9.05773242512305
-2.13785765552893 -0.973204767331481 "A" 4.18705921671324
2.19759234460071 2.30679628578946 "B" 8.46614754755247
-0.254130443092436 -1.46256669284776 "B" 10.9805950591303
2.39714039722458 1.0728545053862 "A" 13.245092632895
1.67806364502758 2.51139244018123 "B" 7.70145889409308
1.89328048797324 2.71832989901304 "A" 6.54716053668508
2.98197924904525 2.99406961770728 "A" 10.8503257472785
0.538798218593001 0.155115050263703 "B" 6.60651483191043
-0.200675091706216 2.8280254653655 "B" 2.54907540157212
-1.01407487411052 -2.65010567754507 "B" 9.02410213116726
1.23978289822116 -0.922177541535348 "B" 11.0446206181833
1.54427472129464 -0.135431564413011 "B" 12.8507578152903
1.64540002075955 -1.32778915157542 "A" 15.4370911696081
2.22757331980392 -1.01670716190711 "A" 13.7384951390736
-1.74389216629788 1.06725127156824 "B" 3.01538547564553
1.59742936491966 2.10739000886679 "B" 7.27799682026926
2.0496933683753 0.23231957713142 "A" 10.1480357931024
2.60475775692612 -1.6295653427951 "B" 19.1713940017098
1.05494332266971 1.50292675942183 "A" 6.89920174345723
2.15375100681558 -0.341944266110659 "A" 17.6971572573423
-2.5454974793829 -1.63801343087107 "A" 4.08085803330095
0.812984763644636 -0.0792472902685404 "B" 8.47552026384776
-0.627676027826965 2.08469235152006 "A" 7.45990498608275
1.48636234737933 2.94781877333298 "B" 3.99805191398444
1.43693076772615 -1.54183187149465 "B" 17.7013383966981
-0.769705830607563 2.94240688439459 "A" 4.07494655466983
-0.965620490256697 -2.39533668709919 "A" 8.59418839205692
1.03682009037584 -1.44552877731621 "A" 9.22907765758608
-1.06253753229976 -0.220915851183236 "B" 3.75107698927212
1.10467029316351 -0.769771051593125 "A" 12.3762514928584
-1.71578196482733 2.80596007453278 "A" 2.00316364015503
-1.52121298341081 -1.74474444240332 "B" 5.93715086816335
-2.26006775954738 -1.94231108715758 "A" 8.57436833626915
1.71232311241329 -0.162247978616506 "A" 14.9351093273528
1.56854278687388 -2.09209637856111 "A" 20.5252169088202
-1.82280026888475 0.0577640212140977 "B" 3.05246421173494
2.38517935853451 -2.43900837097317 "A" 27.9794666793929
0.572411131113768 0.747545493766665 "A" 4.12421348516466
-0.341487328056246 -0.201321347616613 "B" 5.69673368224519
-1.20647822879255 1.4507811111398 "B" 2.45128100268337
-1.18040156224743 1.68303413735703 "B" 3.71700086777979
0.442339240573347 -2.34269747324288 "A" 17.8845063753414
2.58569001685828 -0.381232425570488 "A" 17.1179940689829
1.85729662002996 -0.805190726649016 "B" 12.7154548745946
-0.387473646551371 1.83609480271116 "B" 2.60845518209156
-0.86389034986496 0.0735826031304896 "A" 5.63391777869253
0.0998083935119212 2.00291948625818 "A" 3.51981968813508
0.913706111256033 -2.53948333254084 "B" 14.203151625307
1.11279774829745 1.38260985352099 "A" 10.7456041407839
1.93910876009613 -2.08684023655951 "B" 16.6163737047446
-2.28615109249949 2.96241667494178 "A" 0.735724761312826
2.4921477008611 -1.2231408264488 "A" 20.1909068908316
-1.47911046864465 2.25605408241972 "A" 3.4193134008945
-0.563258516136557 0.258290602359921 "A" 3.93467455691339
-1.42302963836119 2.81756883300841 "A" 3.13565464046741
-1.07989459577948 2.78691008593887 "A" 4.76205115659704
-1.55189334321767 -0.563326966948807 "A" 2.5474833727231
0.2246861779131 -0.116517753805965 "A" 8.95991621178891
1.30787839600816 -1.04787747887895 "A" 10.0187434208979
0.227354913018644 -2.64653705013916 "A" 10.8342378008824
-2.89621831616387 -1.57941770274192 "B" 2.92882513108415
0.737716207746416 -1.49141784757376 "B" 12.2723745949127
0.617513495497406 1.12533531803638 "A" 6.25514241814655
1.58537455508485 -0.131003913469613 "B" 9.66904652702881
2.24601284461096 1.78749784268439 "B" 8.38538051835233
-0.339257954154164 -2.93731380952522 "A" 18.3386038362931
0.0354095636866987 1.9364512511529 "A" 8.64092331164076
2.34504408342764 2.89282555645332 "A" 9.77949411211967
-0.734283881261945 1.96319535886869 "A" 2.95892440679808
-1.45318362582475 0.876063221599907 "B" 2.58637041591869
-1.98308049095795 -1.27371404226869 "A" 3.22921495953842
-2.48150652414188 -1.49020887538791 "A" 3.29397066976352
1.09224596852437 1.52507350919768 "B" 5.85876634290555
-0.847824395634234 -0.463833914604038 "B" 6.89579702581557
-2.60981904901564 0.521978641860187 "B" 1.39497353401782
-2.59260059008375 -0.385619955137372 "B" 2.42361579011814
0.391470156144351 -2.05565233156085 "A" 12.9774437625301
1.09248542413116 1.19718245510012 "A" 7.88508802469028
-1.84851671895012 0.872780572157353 "A" 4.36296020787892
-1.40620109438896 -1.62010570289567 "A" 6.96126862731719
2.66674080071971 1.08363065728918 "B" 11.1507565524504
0.117766347248107 2.78226647945121 "A" 3.7381053562683
1.44632262876257 0.154584836214781 "B" 7.74807296640654
-1.67066450882703 -1.46988393785432 "A" 7.30832378687461
0.837554809637368 2.05504281632602 "A" 6.62565612301373
0.75782905658707 1.1013476033695 "A" 6.41892854444565
0.244665937498212 -0.874406317714602 "A" 14.8874868177737
-1.55463869450614 2.68139893468469 "A" 1.76801963827647
-1.50148121360689 1.95234803762287 "A" 1.44219316918061
-0.193538891617209 -2.80759138567373 "A" 14.6184875476943
2.00697526987642 1.80564839718863 "B" 8.70451184368185
-1.59647800773382 -1.29897827329114 "A" 6.21944354333678
1.65081845317036 2.17636822164059 "B" 5.4926378493781
0.129677911754698 0.717667902354151 "A" 5.48224213132312
-0.994670438580215 1.41243319306523 "B" 4.61867512872572
1.67078277468681 1.22539566317573 "A" 13.8217485043867
-1.57417889870703 2.10112036205828 "A" 4.33951254353016
-0.979634688701481 1.95091263111681 "A" 1.75592259482456
-0.452975466381758 1.84811016870663 "B" 3.98181836696097
1.18871316080913 2.47734666382894 "A" 5.1280490917911
0.932231701444834 -1.40882529085502 "A" 11.2549996563254
1.3321295552887 2.52014434151351 "A" 9.35875661781849
-2.01554688904434 1.01089988043532 "A" 1.65360417896116
-2.69608374126256 0.943363821599633 "B" 1.39036519816436
0.43734043976292 0.567629854660481 "A" 4.27764052389129
-2.31503335246816 2.55494070472196 "A" 2.42280561507477
-2.90540801687166 -2.37278300710022 "A" 4.3178421159117
1.66346910735592 -0.406125058885664 "A" 10.6318657337385
-1.40008044010028 0.53072398994118 "B" 2.80018420942809
1.08124521095306 2.47527824761346 "A" 6.87079798572547
-1.66797006921843 1.15845924569294 "B" 2.70495174395148
2.84545593475923 -2.632251331117 "A" 29.026793233678
1.07272175978869 2.89722416410223 "A" 4.04805861406488
1.68977031949908 1.45865319203585 "B" 7.33994110168997
1.19557837536559 -1.75905823521316 "A" 8.70042456291402
-2.93755817972124 -1.2175794322975 "B" 5.23555315250462
0.0234424844384193 -0.590534593909979 "B" 7.25582583943179
1.38635525945574 -1.17853109445423 "A" 16.7485407539879
-1.02133186580613 1.06990402797237 "A" 4.98579202805412
1.92299487115815 -2.13454298581928 "B" 10.9144514895668
2.3089870470576 1.48630893649533 "B" 11.9333630411142
2.13583174115047 2.18610530113801 "B" 7.80483120090069
-0.28053354145959 1.12371146399528 "B" 4.81350820341907
-0.177717434708029 2.07048917887732 "A" 2.88727613471872
0.0914387837983668 2.15487203327939 "B" 5.11944579027995
-2.01694454764947 1.29352299263701 "B" 2.76348463938827
2.30351105611771 2.24869790347293 "A" 9.99411787467688
-1.79614355089143 -0.49866802431643 "A" 3.03525801360382
0.807367203757167 -2.68566914275289 "A" 16.6010740897071
-2.73450670251623 -0.413094875402749 "B" 0.803423575915371
-0.773698400706053 2.21986266318709 "A" 2.99785314832564
0.622998350299895 -2.94341945182532 "A" 17.1235119956165
2.71575078740716 1.33528779633343 "B" 11.6162209276667
-1.71085279388353 2.78738105949014 "A" 2.35139757347982
-1.92423480888829 -1.62316464772448 "A" 5.62303536577097
2.20182763086632 2.64856458781287 "B" 7.29980657914771
-0.209910564590245 0.59792931843549 "A" 4.36330485915129
-1.63831541268155 -1.08026827219874 "A" 3.93349281801501
2.43978906841949 -0.791644158773124 "A" 17.1072138150839
2.83255726564676 -1.05533919855952 "A" 19.008693935822
2.74953023716807 1.97067211987451 "A" 7.95749979087826
0.286159917712212 -2.51830485323444 "B" 11.1833532406033
2.908283226192 -1.47291298024356 "B" 22.3917058067139
-0.90886440128088 -0.665264768991619 "B" 4.64616672601853
-0.743383262772113 1.51628140266985 "B" 3.37192287776123
-0.478259615600109 0.787873195018619 "B" 10.0512787059837
-1.30432108277455 0.187450263183564 "A" 2.82901283671266
-2.60088008316234 -1.18751721968874 "A" 5.34418690940604
-2.52114507369697 1.21866361191496 "A" 0.996963229380346
-0.403236695565283 -2.06291313981637 "B" 5.6457617699351
2.92998678702861 1.85623559262604 "B" 12.1269787894845
-2.32204250944778 1.90166715206578 "A" 0.431377968993225
-1.67761943349615 0.330489424522966 "B" 2.81630464879083
-1.67811274761334 0.852857383433729 "B" 3.42529215777028
0.888866758905351 1.95863652136177 "A" 7.42126807912324
0.055683305952698 1.72465123375878 "A" 4.69190956341751
1.36473564896733 -1.4793089912273 "B" 19.4217885498187
-1.10431823786348 2.27289085183293 "B" 3.19886027244846
2.07635092036799 -1.80132823158056 "B" 17.458744991503
0.0369358244352043 -2.82198484847322 "A" 12.2187286488216
1.09551726747304 2.94581653084606 "A" 6.76872734330951
2.66652555763721 0.626383967231959 "B" 11.3788973127253
-2.91354143433273 -0.0786486784927547 "A" 2.83128398113568
0.126497995108366 -2.24140298506245 "B" 12.011354706245
1.94783774670213 1.4537562369369 "B" 8.73132070656489
-1.03169459290802 0.0140763642266393 "A" 4.36211446357053
1.09657002054155 -1.54518286278471 "B" 12.696717884059
0.70644147740677 -1.87553489394486 "B" 7.5240422189493
0.911014997866005 -1.01475500687957 "A" 12.7972502049873
2.73735287133604 2.04058202588931 "B" 11.1297519440026
-1.59892511554062 -1.58373880153522 "B" 4.70089824955052
-1.02189225610346 -1.27112437784672 "B" 11.5606451982147
2.02841888135299 -0.650026347488165 "A" 13.6255556517614
-2.1298147640191 0.308432518970221 "A" 3.15751169073843
2.53664635168388 1.89071158552542 "A" 11.1702371809322
-2.47863201471046 1.70389384450391 "B" 1.00049289750759
1.11639742786065 -1.43298183521256 "B" 15.1187758684544
2.80590819055215 -0.847958163823932 "A" 22.4586358693502
0.819264601450413 -0.182057313155383 "B" 13.6837005115394
-0.476908387150615 1.14484852692112 "A" 3.99935936140358
1.83083836035803 1.81182031240314 "A" 9.17432631196448
-1.43767496757209 1.5817228378728 "A" 3.23349333996521
0.942709906026721 1.3884122944437 "A" 7.47283305233675
0.495290159247816 -0.927754477132112 "B" 9.32561185643084
0.859243505168706 -2.85972575610504 "B" 16.4466481696452
-2.84875465650111 2.5498495507054 "B" 1.182812528421
-2.61386282974854 1.41704587033018 "A" 2.78237714426647
2.88507937593386 0.170723471324891 "A" 19.0374803248105
2.63643381278962 -2.84436620911583 "A" 31.3975465952832
-1.81749449763447 0.343539709690958 "B" 1.8407346140755
1.14852354023606 1.10071472078562 "A" 11.173663715516
-1.02102557150647 -1.21082641091198 "B" 6.36452524755237
1.06533052073792 2.77414783788845 "B" 6.51792463085456
-2.5636006006971 2.28923477092758 "B" 1.6804695782513
2.88651499059051 1.87620433839038 "B" 7.32095493907564
-2.24360040295869 -2.85438149096444 "A" 4.97261007226387
-0.724955289624631 -2.19013220630586 "A" 7.6403203466628
2.1197660327889 -0.199031794443727 "A" 15.1899061335859
1.97727324161679 -0.713492937851697 "A" 18.8961811129775
1.02523101540282 -0.390523685608059 "A" 14.6670507308127
1.21745956549421 1.7868111692369 "B" 6.60382907229489
2.3074457407929 1.30100030405447 "B" 8.65821158365475
-0.22836062964052 -2.95208082022145 "A" 15.4729468834245
1.20175542589277 2.90870114089921 "A" 4.34153657705725
-0.338910202961415 0.609511292539537 "B" 4.79128484658886
2.46076042670757 1.95118377450854 "B" 9.25195152474509
-2.28960308572277 -2.91082566836849 "A" 6.27142677629684
-2.66530751762912 0.0468364739790559 "A" 2.34113598622592
1.24339635623619 0.0626292102970183 "A" 12.5342292335243
2.21096955332905 1.85434160940349 "B" 7.05830775061555
-2.97051880415529 -1.30187297193334 "B" 4.99926326766639
1.54926673555747 2.70572744496167 "B" 6.23584626624068
1.6918841865845 0.654827152378857 "B" 9.0748946113354
-0.0373849128372967 -0.0440989681519568 "B" 6.03636076382969
0.691296651028097 0.624207189772278 "A" 6.04377858656912
-0.86356774577871 0.511414915323257 "B" 4.63885654807779
-0.207288892474025 1.87872903747484 "B" 2.86007119502898
-1.20634309574962 0.909769511315972 "A" 2.63550695652691
-2.57234887825325 -1.2151812161319 "A" 5.45304231407382
1.33468448650092 -0.57029120111838 "A" 12.380413915928
-2.16381365200505 -0.681972901336849 "A" 5.81190333179595
1.67892862390727 0.329393721185625 "B" 8.18710080215389
2.12947441684082 2.93966173147783 "B" 5.34884890561506
-0.933341167867184 1.51068875659257 "A" 2.47341066520321
-0.844178302679211 1.73766158334911 "A" 5.42844836050082
2.63125723600388 -1.28601105697453 "A" 22.7904365152345
0.822320587467402 -1.77144484687597 "B" 11.8077961317604
-0.968448244035244 -0.522978843189776 "A" 9.96786800890041
0.0676300339400768 1.38236914481968 "B" 2.63065015497737
-0.376996618229896 2.92116063181311 "B" 1.91715892304887
1.09146374138072 0.0148015134036541 "A" 9.5920151542679
2.44832980865613 -1.01165402540937 "B" 18.4555151099979
-1.92595606343821 1.16240564547479 "B" 1.68297050932769
-1.41393609344959 -2.60759645886719 "A" 9.13938215579778
-0.878855497576296 -2.09977931482717 "A" 13.9368323020051
-2.81794051313773 -2.36822033626959 "A" 9.54529782059683
-2.79042757954448 -2.88128228997812 "B" 6.51525146605723
-2.45378524716944 -0.654892441816628 "A" 2.89693651989607
0.68133800290525 -2.29040639894083 "A" 15.5138569240542
-2.88178121019155 2.9439631565474 "A" 1.85153985518179
-0.45118532795459 -1.19472708553076 "A" 11.5261532190226
-2.51853231713176 -2.75474180420861 "A" 3.79000966379427
0.0427488768473268 -2.2569273635745 "A" 9.50257185647879
0.210409125778824 -0.700389307457954 "A" 5.92479212318829
1.45375695219263 2.73665142199025 "A" 5.70658110808287
0.837955063674599 -2.45117525942624 "A" 17.021041749304
0.730898786801845 -0.935724317561835 "B" 10.6108462994476
2.15233590407297 1.52055286383256 "A" 12.8518645636861
2.71426545130089 -0.186630964279175 "A" 16.4191522150309
0.734170446172357 -2.80070417141542 "A" 10.659656626988
1.49642233969644 -1.52796892588958 "A" 16.3462585415385
-2.31100260280073 -1.26760127395391 "B" 5.38004130498841
-0.655852819327265 -1.5545853478834 "B" 7.71582462846579
2.50651691202074 2.8084626859054 "A" 9.87290207355709
-0.348298308905214 0.488852991722524 "B" 5.9061617186726
-2.60171427950263 0.842321597971022 "B" 1.55372865202692
2.73341419128701 0.976927292067558 "A" 19.6318536816442
2.66152216494083 -0.340145043097436 "B" 14.212371229836
1.08784444816411 2.13762640301138 "A" 6.29375476543993
-2.66979276342317 0.204106275457889 "A" 2.29697180246336
1.31769387144595 -1.59957416681573 "B" 14.9660684849124
-1.03213529940695 2.76001162547618 "B" 1.44542048547481
1.48380637681112 1.85316696111113 "A" 9.73299551041345
2.64462292520329 1.94393123220652 "A" 11.8861198160426
-1.69188806321472 -2.50497629726306 "B" 5.06647696127571
1.45351816853508 1.33962140372023 "B" 9.36898411698656
2.26590679725632 0.730389524716884 "B" 10.8231196735095
-0.268107012379915 2.60034478269517 "B" 4.77197111900718
-2.85159894637764 0.452200062107295 "A" 1.80274026803634
-1.38639398245141 -2.7443221709691 "B" 10.0563876125234
1.67462398437783 -0.390345325693488 "A" 15.3990196861728
1.28175970958546 1.15691182902083 "B" 9.57985233437038
2.92849381780252 1.17717540543526 "B" 11.6928295272944
-2.89783877832815 -1.48363501019776 "B" 5.21695480325338
-1.10049528256059 1.89579296903685 "A" 3.11223112560568
-1.47541659185663 2.29284899029881 "B" 2.00221561405322
-0.245112265460193 0.286243908572942 "A" 5.79131156032353
0.202515893150121 0.47561364993453 "B" 5.89698222405618
0.862937376368791 1.96069606812671 "B" 4.80873137389763
2.53563858009875 -2.33319257665426 "B" 21.3640311794607
-1.22294856235385 1.18136656517163 "A" 4.19501638128328
1.87335691507906 -2.8270177510567 "B" 14.8044132858506
1.16269759554416 -1.26282643480226 "B" 10.9275665233427
-1.85444516502321 -0.176107037812471 "A" 5.69422875881113
-0.359024680685252 1.68032630905509 "A" 3.77969076062327
2.15873651113361 -1.46406996482983 "A" 21.6387224190682
1.90240119723603 1.62863776506856 "A" 7.29816407804539
-1.12463655229658 0.527792565990239 "A" 3.91841510999358
2.92512288875878 -1.33372904732823 "A" 25.0440038320794
-0.648486956488341 1.11644842335954 "B" 4.4663146659999
-2.30388292344287 1.40664580464363 "B" 1.04290505922711
-2.89432015316561 0.36792820924893 "B" 2.07085417295853
-0.973304757848382 -2.81818479532376 "A" 9.52368154267856
1.95275736227632 1.51828242000192 "B" 7.84645052611163
1.7258261628449 0.333655251190066 "B" 11.7573670581874
-0.746235817205161 -0.466036300174892 "A" 3.71120979866306
1.14491191366687 0.569716631434858 "A" 7.47150015534507
0.647119122091681 -2.46125497575849 "A" 9.78232843649131
0.285505397245288 0.286507742945105 "A" 6.7820354003105
2.14754873793572 -2.95423846459016 "A" 31.7356883583394
-0.859596577472985 -2.86724863015115 "B" 5.39191651022492
-1.16723411623389 -2.09218007605523 "B" 6.4633263213336
0.620801424141973 -0.874028633348644 "A" 9.86622808323819
-1.04065677104518 0.599145690444857 "A" 5.04290253301506
0.621664114762098 -2.04395452933386 "A" 11.3610548922113
-1.50758213549852 2.96753934631124 "B" 2.26445010687543
1.43492296943441 -2.22596390498802 "B" 15.1637622468473
-2.90955575276166 -0.646376055199653 "B" 4.3582288601526
0.723674980457872 0.0364045067690313 "B" 9.88607523131354
2.17310559097677 2.60661652358249 "A" 6.66808113358399
-0.0792858134955168 0.940711851697415 "B" 3.85882824009308
-0.0725915716029704 2.63217935571447 "B" 4.20633485740456
-2.49237361131236 -1.23491250397637 "B" 2.17115279506703
-0.608107079286128 -0.481756422668695 "B" 7.87528140887601
1.40991958742961 -1.70239474251866 "A" 19.9416630483215
2.68425346445292 -2.57515978720039 "B" 25.1435036030825
0.00513188447803259 -2.96860305871814 "B" 8.75928662129566
-2.78483622567728 -2.9522560830228 "B" 3.53970614338488
0.671637239400297 0.174106049817055 "A" 9.09588818989264
-2.33590599149466 0.48448885185644 "A" 7.19403290318231
-2.05064908275381 1.6406759172678 "A" 1.77768926492462
-2.0576737714 0.690586657729 "B" 4.79566883212853
-1.3887349460274 -0.306143956258893 "B" 4.53849367799831
-1.29704798245803 2.15710708731785 "B" 3.30688011009695
1.77731848089024 -1.12306728959084 "A" 20.0028469266472
-0.275931886397302 0.294675262179226 "B" 5.90424656239901
-0.202783299610019 1.90961353853345 "A" 6.3558430005687
0.480513418558985 2.16834218753502 "B" 3.9927337676738
-1.00870277825743 -2.80812238901854 "A" 12.8433271997884
1.53959147259593 -1.00601808261126 "A" 14.9304242555877
-2.31519935885444 -0.730654554907233 "B" 4.79576468571228
2.61678014975041 -0.577853815164417 "A" 20.7161271803456
-2.07779157394543 -0.739129122812301 "A" 6.17817445243154
0.227431097533554 1.87729952204973 "A" 2.18427910100708
-2.00569753954187 0.0563682373613119 "B" 3.35891476627228
0.664384741801769 1.57410373678431 "A" 7.66282324809635
-0.383515083231032 2.29011894017458 "A" 3.77410460031686
1.48672487726435 -1.58518479857594 "A" 18.9338552327862
2.31502756616101 -1.25886720931157 "B" 16.6654650207935
-2.1712327064015 -0.638647974003106 "B" 3.58461020294084
0.15964874625206 1.34855857444927 "A" 4.29090457794041
1.22867424739525 -2.20358564285561 "B" 12.799685439229
-1.86741192592308 1.51232740329579 "B" 0.946925169935972
-2.68385242251679 -0.198908246587962 "A" 2.72389168612886
-0.0476778284646571 0.0286299283616245 "A" 8.06490318419306
0.861834299750626 0.411672948393971 "A" 6.22286458735198
0.771302384790033 -0.491519565694034 "B" 9.37001683626804
-0.129719044547528 1.38937164796516 "B" 3.37071109989566
-1.94386287778616 1.62000399967656 "B" 1.41605488642683
-0.418645821511745 -2.19571441411972 "A" 10.1483754101721
-2.22635858785361 -0.0615619132295251 "A" 3.66991317638725
1.11216173367575 0.0519383931532502 "B" 6.9962122203778
2.16786877065897 -2.78286342183128 "A" 29.6794480408405
0.318105559330434 -2.24677277589217 "A" 11.3073083089416
1.17875182069838 -2.79170972434804 "B" 19.1304121477329
-1.33062695665285 2.66046336432919 "B" 2.66932393516947
0.691819642670453 -0.610189709812403 "A" 9.63819576967255
0.0931640029884875 -1.49274576315656 "B" 10.0231930175225
-1.2789901457727 -0.145270685199648 "A" 7.27775921301592
0.0266178636811674 1.72910419804975 "A" 5.75836802070602
0.49230482429266 2.03622260224074 "B" 6.00491466207205
-1.99967436259612 2.90055780345574 "B" 4.32935948001541
2.3417463186197 -2.00152745610103 "A" 23.3602705053415
-0.0164891760796309 2.084527538158 "B" 2.95485781464776
-0.998440515249968 0.889768185093999 "B" 5.95810392032292
2.72617054218426 2.34322010586038 "B" 10.3614208246393
2.45132910925895 0.507211819756776 "B" 13.0099663686523
-1.15434153517708 -0.486005804501474 "B" 4.77007073466887
-1.66408772254363 -2.00162562076002 "A" 8.86515108974627
-1.18903641030192 1.33355929562822 "A" 4.75311699037568
2.3465099777095 2.59515730524436 "B" 7.76574592589324
0.718654336407781 -1.40516809746623 "A" 17.6013265327679
1.37254333728924 -0.789884753990918 "A" 11.4785619799251
0.660710580646992 0.395632054656744 "B" 7.22825867676141
-1.76769123366103 -2.73296133521944 "A" 3.84589753758098
-2.43617505021393 -2.32544497959316 "A" 8.64757956292215
-0.114010547753423 -2.57342457119375 "B" 9.78002965520596
1.85400848742574 -1.06702877115458 "B" 14.0119518840842
0.406569132115692 -0.513852050062269 "B" 13.1815517795562
0.968652544543147 0.692335115745664 "A" 7.6728044540479
-2.33835494052619 2.25177166610956 "B" 1.44342021470433
-2.5723517476581 2.04380020452663 "B" 2.35148967449079
0.904470627196133 1.42074017738923 "A" 5.90373444391427
2.51485060108826 2.39413127722219 "A" 7.72367178059312
1.12901569437236 -0.655372998677194 "A" 8.45099009605279
-1.82082669530064 0.190258773509413 "A" 2.50859988649661
2.92455687141046 -2.7561813541688 "B" 26.6014091471769
0.0826371121220291 0.0713078859262168 "B" 4.58206471069265
1.88316256832331 -2.07475408259779 "B" 18.2221113198235
-0.401585105806589 0.724642161279917 "A" 4.8247260272317
1.72701151063666 -0.729133619461209 "B" 16.8793573192648
-2.9033160014078 -0.177021288312972 "A" 2.86663428322147
2.84119207458571 -1.17825561901554 "B" 21.7502555283189
-2.02348838886246 -1.32303846348077 "B" 4.94250894887229
0.919810355175287 -1.62476752884686 "B" 11.5909780296441
-0.914690465200692 0.0566757218912244 "A" 3.89004931345311
1.41886149952188 0.454932112712413 "A" 8.10484222295323
-0.536891423631459 1.82367815589532 "B" 3.81035298773313
0.245137455873191 -2.27034906344488 "A" 11.2868596158338
1.37673242250457 -0.497817924711853 "A" 12.1270611168107
2.06281735142693 -2.68824109202251 "B" 27.0919337549944
-0.762941208668053 -1.04423343809322 "B" 6.12731386555762
2.32653370359913 -2.01413994887844 "B" 19.3743995981425
-2.8556857178919 2.38280979869887 "B" 2.30186874800614
1.15061353566125 -1.52681496134028 "A" 14.3232874246963
-2.0218946300447 2.28848436567932 "B" 2.75968647873452
-1.91069049295038 0.949740413110703 "A" 2.81393205017057
-2.41811621747911 -0.491244114004076 "B" 4.62457202640441
-2.91598330205306 -2.2136536189355 "A" 5.53409425831731
-1.91428682394326 1.66936019947752 "B" 2.0749891298694
1.01702695665881 -2.64579576859251 "A" 19.0504437886971
-1.15406706416979 0.193089481908828 "B" 8.36396011632793
-2.09014564566314 0.556585453916341 "B" 4.20852276549624
-1.42332734540105 -0.204883694183081 "B" 4.12058766270399
1.57260773330927 -2.858152363915 "A" 26.3251450116239
-2.28193210624158 1.15029722219333 "A" 1.3348193196772
2.0885294219479 2.01582521852106 "B" 7.75069499637047
-1.0266792406328 -0.358381481375545 "B" 4.93222436893488
-1.29525406798348 -0.766606195829809 "A" 7.27213465710756
-2.6850160472095 1.18230706080794 "B" 2.45395119741277
-1.0071535804309 -0.538293214514852 "A" 7.18411336846836
0.360791731160134 -0.693010544870049 "B" 9.04290504425371
2.05576798645779 0.981648245360702 "A" 10.8843695167477
-1.98714181641117 -1.58490228932351 "A" 6.03863882002528
2.31370333302766 -0.460357351228595 "B" 15.765999435175
-1.96003506565467 0.287751961033791 "B" 1.93808095203216
2.59618185320869 -0.640865840949118 "A" 16.9631888750439
1.4482973087579 -2.36223048297688 "A" 18.2746108485096
-0.373315990436822 -0.626838480122387 "B" 9.21414352415764
1.62062833411619 2.72696851752698 "B" 6.89355281868355
-1.95222757989541 -1.2600071746856 "B" 4.90598101217804
-0.968721017707139 -0.200210605747998 "A" 4.5613877643959
0.826696963515133 -1.01303049176931 "B" 9.96050867731038
-0.966339871287346 -1.23736297013238 "B" 7.21942625304788
-2.4048683247529 0.764653521124274 "A" 2.85831157872386
1.26390829961747 -1.44682679604739 "B" 16.8539558513346
-0.644339940045029 -1.6976120788604 "A" 5.2475148477763
0.299134623259306 1.96479707350954 "B" 3.04621372525232
0.374064119998366 1.19296648073941 "A" 5.88237865359949
-1.32461384916678 -0.613732750061899 "A" 7.02031939615414
-1.86636592587456 2.82286596950144 "A" 2.11550001849925
-2.44057596987113 1.41645480925217 "B" 2.48933514445572
-0.291060187853873 2.65985731920227 "B" 5.15809695338131
2.08209803653881 2.17431407002732 "A" 9.08907375818313
-1.82276283111423 -0.314637868199497 "B" 5.86940849387914
0.873680509161204 2.07009199960157 "A" 4.35872959028995
-2.05636177584529 -2.65635599289089 "A" 5.77333576175575
2.25656547071412 -1.990272001829 "A" 18.6737518110835
-1.91777441930026 -1.67562138615176 "A" 10.0664841678662
0.641353772487491 -2.66060965089127 "A" 14.2017208257457
-2.88693645922467 -2.17193727940321 "B" 5.61010785632738
-0.885084033943713 0.235595217905939 "A" 3.63205299191425
-0.335553866811097 -1.61760021932423 "B" 7.2480108221329
0.551137809175998 -0.544886585790664 "B" 9.51317756732321
2.41882440587506 1.89906981261447 "B" 11.6958361356145
0.715006297454238 0.85550505341962 "A" 6.32417075649427
-0.0702885892242193 -0.819648716133088 "B" 8.13062952673006
1.92944387812167 2.66586936358362 "A" 8.65855592345899
-2.92406681086868 1.33428723877296 "B" 1.66406068537713
2.48494854709134 0.524486152455211 "B" 14.783092273476
1.24280146043748 -0.376176611054689 "A" 15.2357876064306
0.390532880555838 -1.15067035658285 "B" 7.79371110491506
1.78181141708046 1.72516860254109 "A" 9.32897158503276
0.354357301723212 2.48206425458193 "B" 2.25076876683487
-1.1436578524299 2.16830848669633 "A" 2.40318980822069
-0.967525142244995 0.340631359722465 "A" 3.06307321759737
-1.35653476696461 1.78877422353253 "A" 5.73562518301476
-1.59299349971116 0.107252569869161 "A" 5.32554118959462
-1.17446226021275 -0.700292418245226 "B" 3.3026085823711
-0.0555062647908926 0.0864946190267801 "A" 7.14177618106523
-0.0118063422851264 2.80891182040796 "A" 4.80012350951384
-1.96246873168275 2.06319853244349 "B" 3.7990979255196
-0.232173208147287 2.41748036351055 "B" 1.86199975276461
-0.969595349393785 1.58887937525287 "A" 2.36470184929772
-0.057526876218617 -1.22255052812397 "A" 6.01518163560998
0.100919516757131 -1.94763518404216 "A" 9.07359509239112
-0.304105638060719 -1.87044780375436 "B" 7.756102426962
0.981257870793343 -2.47477237461135 "B" 13.2750220474081
-0.314775716979057 2.81178146833554 "B" 2.47586126504627
0.062398262321949 -0.372407051268965 "B" 5.29099207199448
1.04995697597042 -0.639885648619384 "B" 10.8462411460123
-0.532394364941865 -2.83039409341291 "B" 15.664872627573
-2.52112674247473 1.32564943749458 "A" 1.54404860444509
1.60033374745399 2.90406473586336 "B" 4.06597270750474
0.501176156569272 -1.30829867860302 "B" 7.7624748218422
2.50763611821458 -2.33498423360288 "A" 30.6062752805738
1.64445308642462 -0.750854412093759 "A" 14.3888514465434
2.58907777257264 2.30960102006793 "B" 10.5131678515611
0.330178631935269 -0.739494172856212 "A" 9.29703537454413
0.875953105743974 2.47271501412615 "B" 5.49219871635883
0.380600585136563 -1.47096496168524 "A" 8.59295870477962
-0.564857270568609 -2.80461358185858 "B" 6.24598540247912
0.542076464742422 -2.3361919792369 "A" 11.2168917996781
2.47556918207556 -2.45029326807708 "A" 32.7488203965295
-2.26524818362668 0.260878256522119 "A" 4.68300067592631
-0.313767118379474 -0.91932879248634 "B" 5.48328964258976
1.82177931815386 -0.555993889924139 "B" 11.6671975110514
2.64727666089311 2.6882563889958 "B" 8.07382931158097
-0.573882374446839 0.385951649397612 "A" 5.45146843236438
-0.86490883352235 1.07945516612381 "B" 3.79276081284021
-2.86859863623977 -1.823847157415 "B" 3.83872187058109
1.45145100122318 2.72595055773854 "A" 9.60170126897699
-0.540339385159314 -2.32530960487202 "A" 6.47512098650331
-2.85925436625257 1.16123068425804 "B" 1.53204119920272
0.532124537508935 -0.161977947223932 "A" 9.13550449122003
-1.39459735108539 2.1912770695053 "B" 3.22161626921201
-1.61631352314726 2.56421059230343 "B" 3.07387280003402
0.205988158006221 0.625349077396095 "B" 7.18658727095267
-1.80853091413155 -2.55288699036464 "A" 4.10492474069042
2.16891942266375 0.430636363103986 "A" 12.3612090662792
-0.266242508310825 -1.17515938170254 "A" 9.46502196144311
-1.65604452509433 -0.0589760597795248 "A" 3.81665906495662
-0.733970164787024 0.578269876074046 "B" 4.22685791583025
-2.19691386586055 -1.33047050284222 "A" 4.45124220406476
