  73.637
  77.136
  81.481
  84.127
  84.562
  91.959
  94.174
  96.087
  88.952
  83.479
  80.814
  77.466
  75.225
  79.418
  84.813
  85.691
  87.490
  92.995
  95.375
  98.396
  92.791
  88.018
  86.899
  83.636
  79.245
  85.536
  89.313
  88.785
  91.307
  96.394
  99.864
 100.744
  96.009
  89.428
  85.518
  84.603
  85.169
  87.973
  88.696
  92.686
  91.807
  98.593
 100.677
 103.084
  97.644
  92.648
  89.486
  88.593
  86.141
  89.156
  93.795
  93.422
  94.277
  99.927
 102.451
 105.003
  98.477
  93.219
  90.410
  87.763
  84.883
  89.476
  93.191
  96.919
  95.869
 100.272
 102.103
 104.381
  97.779
  94.369
  88.432
  84.314
  81.714
  81.222
  74.290
  87.121
  89.099
  93.743
  96.741
  99.366
  95.184
  90.407
  88.968
  86.765
  83.674
  84.265
  88.551
  89.998
  93.421
  98.109
 100.235
 102.866
  96.903
  92.426
  91.024
  91.070
  87.650
  87.534
  92.763
  97.420
  99.845
 103.349
 102.438
 104.467
  99.740
  96.101
  93.858
  93.265
  89.609
  92.934
  95.272
  96.791
  96.478
 101.938
 105.094
 108.158
 101.625
  97.255
  95.378
  92.997
  88.047
  92.172
  98.050
  97.874
 101.700
 105.794
 108.016
 111.475
 104.945
 100.496
  97.555
  95.556
  92.926
  96.196
  99.117
  97.932
  89.270
  98.836
 102.335
 106.912
 102.047
  97.428
  95.025
  91.530
  87.958
  89.159
  94.853
  95.799
  98.193
 103.468
 104.989
 108.179
 103.084
  99.781
  96.403
  95.072
  90.707
  94.949
  94.970
 100.286
 101.497
 106.352
 107.415
 109.385
 103.266
  99.432
  93.965
  94.385
